sort
    -0.379863       1.80735      0.658205      0.236417       1.52649 
    -0.456454      -0.44091      0.932621        1.4306      -0.77737 
      1.10611      -1.30305     -0.202388      -1.29549      0.150969 
     0.951702      0.885737    -0.0140388     -0.295967      -2.10619 
      2.52547      0.803819       1.57157      0.481766      0.168094 
     -0.35617      0.423922       0.72442     -0.557642      0.466705 
     0.619142      -1.08521      -1.85976      -1.19759     -0.763672 
    -0.929235      0.901898     -0.717973      -2.60481     0.0617718 
    -0.391341      0.258408     -0.368092       0.53643      -1.35026 
     0.242555       -1.5091   -0.00501431       0.30317         1.244 

42
     0.162345       1.08849     -0.366969      0.966608      0.471157 
   -0.0699969     -0.796841      0.670845       1.26781     -0.193075 
    0.0408329      -1.12829      0.442978     -0.831461       -0.5152 
     0.352086      0.780686      0.622442     -0.198354      -1.20886 
      1.37365    -0.0836741      0.391828     -0.158415      0.705323 
    -0.532745      0.456693       1.17957     -0.293402      0.645153 
     0.650096     -0.287087      -1.10294      0.255014     -0.778621 
     -0.12917      0.578504     -0.668987      -1.28029      0.188773 
     -1.36147      0.241105     -0.304418      0.206398     -0.591205 
    -0.486883     -0.734309     -0.732895     0.0338192       1.09995 
