naive
    -0.379863       1.80735      0.658205      0.236417       1.52649 
    -0.456454      -0.44091      0.932621        1.4306      -0.77737 
      1.10611      -1.30305     -0.202388      -1.29549      0.150969 
     0.951702      0.885737    -0.0140388     -0.295967      -2.10619 
      2.52547      0.803819       1.57157      0.481766      0.168094 
     -0.35617      0.423922       0.72442     -0.557642      0.466705 
     0.619142      -1.08521      -1.85976      -1.19759     -0.763672 
    -0.929235      0.901898     -0.717973      -2.60481     0.0617718 
    -0.391341      0.258408     -0.368092       0.53643      -1.35026 
     0.242555       -1.5091   -0.00501431       0.30317         1.244 

45
     0.169519       1.08904     -0.372431      0.968512      0.474501 
   -0.0557743     -0.797903      0.658712       1.27158     -0.220573 
    0.0471216      -1.12887      0.441365       -0.8276     -0.523066 
     0.315586      0.790969      0.623747     -0.194067      -1.19742 
      1.37412    -0.0814493      0.394168     -0.162548      0.696619 
    -0.538812      0.439023       1.18778     -0.269416      0.656989 
     0.647259      -0.26576      -1.10373      0.233733      -0.78803 
     -0.15302      0.564921      -0.65279      -1.28186      0.213438 
     -1.37883      0.230896     -0.318757      0.207369     -0.565709 
    -0.459781     -0.756358     -0.746845     0.0767508       1.09032 
